
strategic_region={
	id=40
	name="STRATEGICREGION_40"
	provinces={
		2279 5481 5486 5492 5493 5497 5504 5514 5522 5547 5549 5555 5571 5573 5575 5586 5592 5601 5612 5617 5624 5660 5668 5675 5683 5694 5701 5702 5724 5727 5735 5751 5756 5758 5761 5767 5770 5771 5777 5779 5782 5785 5801 5802 5810 5811 5816 5825 5833 5844 5854 5865 5870 5875 5876 5888 5896 5899 5903 5908 5929 5941 5948 5951 5956 5970 5971 5993 6002 6003 6007 6012 6014 6015 6032 6033 6042 6048 6053 6056 6063 6076 6081 6085 6087 6113 6126 6129 6132 6135 6139 6154 6158 6172 6178 6185 6187 6195 6204 6216 6227 6228 6231 6240 6246 6259 6260 6272 6277 6305 6307 6310 6320 6324 6325 6337 6367 6370 6390 6397 6405 6407 6414 6417 6423 6424 6444 6445 6456 6457 6461 6474 6482 6485 6489 6494 6501 6506 6509 6514 6525 6543 6545 6552 6553 6556 6565 6573 6574 6578 6586 6596 6599 6621 6632 6635 6645 6657 6671 6678 6680 6693 6706 6707 6718 6729 6732 6738 6746 6753 6762 6781 6786 6790 6791 6794 6796 6810 6812 6818 6823 6824 6826 6828 6837 6839 6843 6844 6856 6867 6875 6886 6889 6917 6925 6932 6939 6944 6954 6956 6960 6961 6971 6981 6988 6996 6997 6998 7000 7034 7038 7074 7083 7096 7111 7114 7119 7123 7128 7137 7144 7145 7169 7176 7179 7187 7190 7198 7216 7222 7224 7225 7230 7235 7239 7241 7250 7254 7263 7266 7269 7270 7290 7291 7300 7307 7310 7320 7334 7338 7343 7344 7353 7356 7357 7374 7376 7377 7378 7379 7381 7391 7408 7414 7416 7420 7428 7429 7434 7439 7441 7450 7459 7461 7479 7486 7491 7500 7504 7505 7509 7527 7535 7541 7554 7556 7560 7568 7575 7577 7579 7580 7592 7596 7599 7612 7613 7614 7622 7630 7631 7635 7637 7651 7657 7667 7670 7671 7672 7675 7679 7682 7687 7689 7696 7698 7704 7706 7711 7721 7730 7749 7753 7754 7765 7785 7786 7789 7792 7794 7797 7802 7807 7809 7810 7811 7816 7828 7847 7848 7849 7853 7863 7865 7867 7884 7887 7888 7890 7892 7897 7905 7907 7908 7910 7915 7916 7919 7929 7932 7939 7962 7965 7969 7975 7982 7999 8001 8008 8020 8026 8035 8043 8051 8057 8066 8076 8086 8088 8094 8105 8108 8109 8113 8114 8115 8134 8145 8165 8168 8169 8173 8176 8187 8188 8190 8194 8198 8200 8203 8212 8225 8227 8239 8240 8273 8275 8278 8294 8303 8305 8310 8316 8317 8319 8322 8335 8337 8340 8348 8370 8382 8384 8385 8387 8404 8406 8411 8421 8423 8426 8429 8444 8450 8454 8457 8472 8473 8480 8483 8487 8498 8499 8513 8523 8526 8527 8528 8530 8535 8537 8539 8561 8564 8572 8574 8580 8581 8587 8594 8597 8600 8604 8607 8629 8631 8637 8643 8657 8661 8665 8667 8672 8681 8685 8689 8696 8697 8708 8709 8710 8711 8717 8723 8724 8728 8730 8733 8735 9073 9103 9111 9113 9114 9118 9121 9122 9123 9128 9133 9137 9144 9147 9151 9155 9156 9160 9164 9165 9170 9176 9181 9183 9184 9195 9198 9201 9204 9206 9209 9211 9217 9219 9220 9228 9230 9238 9242 9243 9253 9254 9263 9264 9272 9277 9278 9281 9282 9288 9291 9296 9302 9307 9310 9329 9334 9335 9340 9347 9350 9352 9353 9357 9363 9365 9376 9378 9380 9383 9386 9387 9393 9394 9397 9398 9399 9401 9406 9409 9411 9415 9416 9417 9418 9419 9421 9424 9425 9436 9438 9441 9444 
	}
	naval_terrain=water_deep_ocean
	weather={
period={
			between={ 0.0 30.0 }
			temperature={ -7.0 3.0 }
			no_phenomenon=0.500
			rain_light=0.600
			rain_heavy=0.700
			snow=0.000
			blizzard=0.000
			arctic_water=0.000
			mud=1.000
			sandstorm=0.000
			min_snow_level=0.000
		}
		period={
			between={ 0.1 27.1 }
			temperature={ -7.0 3.0 }
			no_phenomenon=0.500
			rain_light=0.600
			rain_heavy=0.700
			snow=0.000
			blizzard=0.000
			arctic_water=0.000
			mud=1.000
			sandstorm=0.000
			min_snow_level=0.000
		}
		period={
			between={ 0.2 30.2 }
			temperature={ 6.0 15.0 }
			no_phenomenon=0.500
			rain_light=0.500
			rain_heavy=0.450
			snow=0.000
			blizzard=0.000
			arctic_water=0.000
			mud=1.000
			sandstorm=0.000
			min_snow_level=0.000
		}
		period={
			between={ 0.3 29.3 }
			temperature={ 6.0 15.0 }
			no_phenomenon=0.500
			rain_light=0.500
			rain_heavy=0.450
			snow=0.000
			blizzard=0.000
			arctic_water=0.000
			mud=1.000
			sandstorm=0.000
			min_snow_level=0.000
		}
		period={
			between={ 0.4 30.4 }
			temperature={ 6.0 15.0 }
			no_phenomenon=0.500
			rain_light=0.500
			rain_heavy=0.450
			snow=0.000
			blizzard=0.000
			arctic_water=0.000
			mud=1.000
			sandstorm=0.000
			min_snow_level=0.000
		}
		period={
			between={ 0.5 29.5 }
			temperature={ 6.0 15.0 }
			no_phenomenon=0.500
			rain_light=0.250
			rain_heavy=0.100
			snow=0.000
			blizzard=0.000
			arctic_water=0.000
			mud=1.000
			sandstorm=0.000
			min_snow_level=0.000
		}
		period={
			between={ 0.6 30.6 }
			temperature={ 6.0 15.0 }
			no_phenomenon=0.500
			rain_light=0.600
			rain_heavy=0.600
			snow=0.000
			blizzard=0.000
			arctic_water=0.000
			mud=1.000
			sandstorm=0.000
			min_snow_level=0.000
		}
		period={
			between={ 0.7 30.7 }
			temperature={ 6.0 15.0 }
			no_phenomenon=0.500
			rain_light=0.600
			rain_heavy=0.600
			snow=0.000
			blizzard=0.000
			arctic_water=0.000
			mud=1.000
			sandstorm=0.000
			min_snow_level=0.000
		}
		period={
			between={ 0.8 29.8 }
			temperature={ 6.0 15.0 }
			no_phenomenon=0.500
			rain_light=0.600
			rain_heavy=0.600
			snow=0.000
			blizzard=0.000
			arctic_water=0.000
			mud=1.000
			sandstorm=0.000
			min_snow_level=0.000
		}
		period={
			between={ 0.9 30.9 }
			temperature={ 6.0 15.0 }
			no_phenomenon=0.500
			rain_light=0.600
			rain_heavy=0.600
			snow=0.000
			blizzard=0.000
			arctic_water=0.000
			mud=1.000
			sandstorm=0.000
			min_snow_level=0.000
		}
		period={
			between={ 0.10 29.10 }
			temperature={ -7.0 3.0 }
			no_phenomenon=0.500
			rain_light=0.600
			rain_heavy=0.700
			snow=0.000
			blizzard=0.000
			arctic_water=0.000
			mud=1.000
			sandstorm=0.000
			min_snow_level=0.000
		}
		period={
			between={ 0.11 30.11 }
			temperature={ -7.0 3.0 }
			no_phenomenon=0.500
			rain_light=0.600
			rain_heavy=0.700
			snow=0.000
			blizzard=0.000
			arctic_water=0.000
			mud=1.000
			sandstorm=0.000
			min_snow_level=0.000
		}
	}
}
