
strategic_region={
	id=43
	name="STRATEGICREGION_43"
	provinces={
		4132 5423 5425 5426 5463 5475 5485 5487 5494 5495 5500 5508 5517 5520 5524 5526 5527 5529 5535 5536 5537 5539 5544 5551 5553 5558 5560 5564 5565 5567 5568 5577 5583 5588 5597 5599 5603 5604 5608 5623 5633 5635 5638 5640 5643 5647 5650 5651 5654 5655 5659 5674 5679 5684 5686 5697 5698 5699 5700 5705 5714 5726 5728 5734 5739 5746 5753 5754 5757 5762 5764 5772 5791 5794 5795 5803 5821 5835 5837 5839 5845 5848 5863 5871 5905 5909 5911 5912 5924 5927 5934 5937 5939 5940 5942 5944 5949 5950 5982 5986 5988 5990 5997 5998 6000 6011 6028 6030 6039 6044 6046 6047 6055 6058 6059 6067 6075 6078 6079 6082 6086 6089 6094 6095 6100 6105 6112 6114 6115 6127 6130 6134 6140 6141 6155 6157 6160 6161 6163 6168 6177 6188 6193 6201 6211 6215 6221 6223 6232 6234 6244 6266 6267 6269 6286 6290 6295 6296 6308 6323 6329 6338 6339 6340 6347 6351 6354 6356 6365 6378 6389 6395 6400 6404 6409 6421 6422 6426 6428 6432 6436 6437 6442 6465 6466 6468 6470 6478 6491 6498 6499 6517 6526 6527 6538 6548 6557 6562 6567 6571 6576 6583 6589 6597 6606 6608 6612 6619 6624 6625 6637 6643 6651 6652 6654 6683 6694 6695 6703 6711 6720 6722 6735 6743 6744 6748 6763 6766 6767 6769 6772 6775 6780 6783 6787 6788 6803 6820 6822 6830 6840 6845 6853 6855 6858 6880 6881 6884 6893 6896 6908 6910 6916 6924 6926 6927 6938 6942 6943 6968 6975 6976 6985 6987 6994 7004 7008 7028 7033 7051 7063 7092 7095 7099 7109 7110 7131 7135 7148 7155 7156 7170 7194 7195 7199 7210 7211 7213 7228 7237 7243 7256 7258 7262 7267 7284 7289 7295 7323 7333 7335 7339 7342 7345 7346 7348 7361 7380 7386 7402 7424 7443 7460 7462 7463 7464 7487 7497 7513 7531 7533 7546 7564 7565 7569 7572 7576 7602 7604 7619 7623 7625 7641 7663 7669 7676 7677 7681 7693 7699 7703 7719 7723 7727 7728 7748 7750 7755 7760 7762 7764 7781 7788 7803 7820 7821 7825 7827 7830 7833 7839 7860 7885 7886 7899 7911 7920 7947 7950 7952 7953 7960 7964 7991 7994 7998 8007 8014 8022 8024 8029 8034 8036 8037 8038 8042 8064 8065 8067 8104 8124 8150 8163 8171 8175 8178 8179 8182 8193 8196 8197 8201 8209 8237 8238 8241 8245 8256 8257 8264 8281 8282 8284 8295 8299 8309 8311 8312 8313 8358 8365 8386 8390 8394 8409 8414 8427 8430 8433 8458 8466 8468 8501 8516 8541 8550 8568 8577 8578 8613 8619 8625 8641 8644 8664 8671 8678 8679 8680 8686 8687 8701 8703 8721 8732 8743 8744 8745 8750 8752 8756 8758 9066 9096 9105 9110 9120 9124 9130 9135 9139 9140 9142 9143 9148 9152 9154 9158 9171 9172 9173 9180 9182 9188 9190 9197 9203 9214 9216 9223 9225 9235 9237 9244 9246 9249 9252 9255 9256 9257 9259 9260 9270 9274 9275 9276 9279 9285 9286 9294 9300 9315 9316 9317 9325 9330 9332 9337 9338 9346 9360 9372 9374 9375 9382 9385 9404 9440 9448 
	}
	naval_terrain=water_deep_ocean
	weather={
period={
			between={ 0.0 30.0 }
			temperature={ -24.0 -4.0 }
			no_phenomenon=0.500
			rain_light=0.000
			rain_heavy=0.000
			snow=0.600
			blizzard=0.400
			arctic_water=0.000
			mud=0.000
			sandstorm=0.000
			min_snow_level=0.000
		}
		period={
			between={ 0.1 27.1 }
			temperature={ -28.0 -2.0 }
			no_phenomenon=0.500
			rain_light=0.000
			rain_heavy=0.000
			snow=0.600
			blizzard=0.400
			arctic_water=0.000
			mud=0.000
			sandstorm=0.000
			min_snow_level=0.000
		}
		period={
			between={ 0.2 30.2 }
			temperature={ -25.0 -1.0 }
			no_phenomenon=0.500
			rain_light=0.250
			rain_heavy=0.100
			snow=0.300
			blizzard=0.000
			arctic_water=0.000
			mud=0.000
			sandstorm=0.000
			min_snow_level=0.000
		}
		period={
			between={ 0.3 29.3 }
			temperature={ -18.0 1.0 }
			no_phenomenon=0.500
			rain_light=0.250
			rain_heavy=0.100
			snow=0.300
			blizzard=0.000
			arctic_water=0.000
			mud=0.000
			sandstorm=0.000
			min_snow_level=0.000
		}
		period={
			between={ 0.4 30.4 }
			temperature={ -8.0 8.0 }
			no_phenomenon=0.500
			rain_light=0.250
			rain_heavy=0.100
			snow=0.300
			blizzard=0.000
			arctic_water=0.000
			mud=0.000
			sandstorm=0.000
			min_snow_level=0.000
		}
		period={
			between={ 0.5 29.5 }
			temperature={ -2.0 12.0 }
			no_phenomenon=0.500
			rain_light=0.250
			rain_heavy=0.100
			snow=0.300
			blizzard=0.000
			arctic_water=0.000
			mud=0.000
			sandstorm=0.000
			min_snow_level=0.000
		}
		period={
			between={ 0.6 30.6 }
			temperature={ 0.0 15.0 }
			no_phenomenon=0.500
			rain_light=0.250
			rain_heavy=0.100
			snow=0.300
			blizzard=0.000
			arctic_water=0.000
			mud=0.000
			sandstorm=0.000
			min_snow_level=0.000
		}
		period={
			between={ 0.7 30.7 }
			temperature={ -1.0 14.0 }
			no_phenomenon=0.500
			rain_light=0.250
			rain_heavy=0.100
			snow=0.300
			blizzard=0.000
			arctic_water=0.000
			mud=0.000
			sandstorm=0.000
			min_snow_level=0.000
		}
		period={
			between={ 0.8 29.8 }
			temperature={ -4.0 11.0 }
			no_phenomenon=0.500
			rain_light=0.250
			rain_heavy=0.100
			snow=0.300
			blizzard=0.000
			arctic_water=0.000
			mud=0.000
			sandstorm=0.000
			min_snow_level=0.000
		}
		period={
			between={ 0.9 30.9 }
			temperature={ -10.0 6.0 }
			no_phenomenon=0.500
			rain_light=0.250
			rain_heavy=0.100
			snow=0.300
			blizzard=0.000
			arctic_water=0.000
			mud=0.000
			sandstorm=0.000
			min_snow_level=0.000
		}
		period={
			between={ 0.10 29.10 }
			temperature={ -16.0 1.0 }
			no_phenomenon=0.500
			rain_light=0.000
			rain_heavy=0.000
			snow=0.600
			blizzard=0.400
			arctic_water=0.000
			mud=0.000
			sandstorm=0.000
			min_snow_level=0.000
		}
		period={
			between={ 0.11 30.11 }
			temperature={ -22.0 -1.0 }
			no_phenomenon=0.500
			rain_light=0.000
			rain_heavy=0.000
			snow=0.600
			blizzard=0.400
			arctic_water=0.000
			mud=0.000
			sandstorm=0.000
			min_snow_level=0.000
		}
	}
}
