
strategic_region={
	id=50
	name="STRATEGICREGION_50"
	provinces={
		5473 5509 5545 5576 5615 5620 5661 5673 5677 5731 5768 5787 5813 5843 5881 5932 5935 5977 5985 6013 6017 6097 6101 6118 6142 6171 6203 6207 6209 6225 6226 6239 6279 6363 6377 6406 6435 6455 6483 6493 6495 6502 6503 6532 6549 6559 6577 6600 6602 6618 6623 6638 6655 6660 6681 6750 6760 6817 6829 6831 6834 6835 6849 6852 6861 6869 6878 6950 6970 6972 6978 6991 7009 7019 7020 7068 7069 7072 7080 7103 7118 7121 7138 7157 7168 7174 7183 7233 7238 7248 7271 7281 7306 7331 7337 7340 7341 7355 7365 7389 7401 7468 7474 7481 7495 7502 7508 7528 7537 7548 7552 7559 7567 7605 7609 7615 7624 7640 7647 7653 7666 7686 7688 7692 7739 7831 7846 7852 7854 7870 7903 7909 7928 7933 8005 8006 8009 8032 8077 8091 8099 8102 8112 8155 8159 8164 8167 8223 8233 8263 8265 8296 8304 8314 8333 8345 8351 8352 8374 8403 8417 8419 8446 8463 8464 8482 8485 8488 8504 8508 8515 8534 8562 8565 8603 8615 8636 8645 8652 8670 8719 8763 8764 8766 8767 8771 8774 8777 8781 8784 8788 8792 8798 8805 8808 8810 8816 8821 8830 8839 8842 8845 8847 8853 8855 8858 8862 8864 8865 8867 8873 8876 8877 8878 8879 8885 8888 8890 8893 8894 8902 8905 8906 8910 8916 8919 8920 8927 8928 8936 8938 8944 8946 8951 8953 8958 9571 
	}
	naval_terrain=water_deep_ocean
	weather={
	}
}
