
strategic_region={
	id=54
	name="STRATEGICREGION_54"
	provinces={
		5411 5417 5462 5464 5466 5477 5478 5479 5480 5482 5483 5484 5488 5489 5490 5496 5499 5502 5503 5505 5510 5511 5513 5521 5523 5528 5531 5533 5538 5541 5548 5554 5559 5562 5563 5572 5578 5580 5585 5587 5593 5594 5606 5607 5614 5616 5625 5627 5628 5632 5639 5641 5644 5645 5649 5652 5656 5669 5671 5680 5682 5685 5688 5690 5691 5693 5710 5715 5721 5732 5736 5742 5743 5747 5748 5750 5759 5760 5763 5773 5786 5792 5793 5797 5814 5819 5820 5822 5824 5829 5830 5840 5842 5846 5852 5855 5857 5858 5866 5869 5873 5874 5884 5885 5886 5887 5890 5892 5897 5900 5907 5917 5920 5921 5925 5931 5936 5945 5957 5961 5962 5963 5967 5972 5973 5981 5987 5989 5992 5994 6001 6004 6018 6037 6041 6051 6060 6061 6066 6074 6090 6091 6092 6093 6096 6099 6104 6108 6109 6119 6122 6123 6125 6128 6131 6133 6136 6145 6148 6152 6159 6164 6169 6176 6181 6182 6183 6189 6190 6210 6217 6229 6235 6236 6243 6248 6252 6253 6256 6257 6263 6270 6271 6275 6276 6281 6284 6292 6293 6297 6311 6312 6314 6315 6319 6322 6326 6327 6332 6333 6335 6341 6344 6346 6349 6353 6358 6368 6373 6379 6382 6387 6392 6403 6413 6418 6419 6429 6430 6440 6443 6447 6448 6449 6453 6459 6460 6462 6471 6473 6480 6486 6507 6511 6513 6515 6516 6518 6522 6530 6531 6539 6540 6546 6550 6554 6563 6570 6579 6580 6585 6591 6594 6604 6605 6607 6609 6613 6614 6626 6629 6641 6649 6656 6670 6675 6684 6688  6698 6701 6702 6704 6710 6714 6728 6754 6756 6758 6765 6768 6773 6774 6776 6777 6779 6789 6792 6801 6802 6805 6815 6832 6860 6864 6870 6879 6898 6905 6906 6909 6913 6914 6918 6922 6936 6940 6945 6949 6952 6955 6964 6966 6973 6983 6984 6990 6993 7017 7018 7027 7031 7032 7036 7037 7040 7042 7044 7049 7050 7055 7058 7071 7077 7078 7085 7098 7104 7116 7124 7126 7129 7132 7136 7147 7151 7154 7160 7161 7164 7191 7193 7201 7202 7208 7209  7219 7229 7232 7260 7264 7272 7273 7276 7286 7297 7299  7305 7309 7329 7332 7349 7359 7364  7383 7399 7400 7410 7411 7430 7433 7451 7454 7457 7458 7465 7466 7467 7471 7473 7475 7480 7485 7494 7506 7516 7519 7530 7534 7538 7539 7540 7545 7551 7557 7561 7566 7573 7574 7578 7581 7590 7597 7598 7601 7607 7642 7649 7654 7659 7664 7668 7673 7674 7695 7700  7714 7716 7717 7729 7732 7733 7734 7736 7737 7747 7757 7761 7766 7770 7773 7777 7790 7804 7805 7813 7817 7818 7834 7840 7841 7864 7866 7874 7875 7879 7883 7891 7895 7900 7917 7925 7927 7931 7949 7954 7956 7970 7972 7977 7997 8013 8015 8017 8030 8033 8044 8046 8061 8072 8073 8087 8092 8098 8101 8127 8133 8137 8138 8146 8151 8170 8172 8183 8191 8214 8222 8231 8243 8253 8259 8262 8269 8292 8297 8298 8318 8323 8324 8329 8338 8349 8353 8376 8388 8392 8399 8400 8408 8416 8422 8425 8431 8465 8479 8484 8489 8490 8503 8514 8518 8519 8532 8549 8551 8555 8567 8570 8571 8576 8589 8591 8610 8612 8614 8617 8618 8634 8640 8642 8648 8650 8654 8666 8683 8692 8699 8734 8747 8748 8751 8755 8760 8761 8762 8765 8769 8770 8772 8773 8775 8776 8783 8785 8789 8793  8799 8803 8804 8806 8807 8812 8819 8820 8826 8827 8834 8837 8840 8841 8846 8852 8863 8870 8871 8875 8880 8882 8884 8887 8892 8897 8898 8899 8907 8908 8911 8912 8914 8917 8918 8921 8922 8923 8925 8926 8929 8933 8934 8937 8940 8957 8959 8962 8965 8966 8967 8968 8970 8972 8974 8975 8977 8978 8982 8984 8987 8998 9002 9005 9013 9016 9018 9019 9020 9021 9037 9038 9041 9047 9054 9057 9072 9075 9076 9081 9082 9084 9091 9093 9097 9099 9107 9112 9117 9129 9141 
	}
	naval_terrain=water_deep_ocean
	weather={
period={
			between={ 0.0 30.0 }
			temperature={ -24.0 -4.0 }
			no_phenomenon=0.500
			rain_light=0.000
			rain_heavy=0.000
			snow=0.600
			blizzard=0.400
			arctic_water=0.000
			mud=0.000
			sandstorm=0.000
			min_snow_level=0.000
		}
		period={
			between={ 0.1 27.1 }
			temperature={ -28.0 -2.0 }
			no_phenomenon=0.500
			rain_light=0.000
			rain_heavy=0.000
			snow=0.600
			blizzard=0.400
			arctic_water=0.000
			mud=0.000
			sandstorm=0.000
			min_snow_level=0.000
		}
		period={
			between={ 0.2 30.2 }
			temperature={ -25.0 -1.0 }
			no_phenomenon=0.500
			rain_light=0.250
			rain_heavy=0.100
			snow=0.300
			blizzard=0.000
			arctic_water=0.000
			mud=0.000
			sandstorm=0.000
			min_snow_level=0.000
		}
		period={
			between={ 0.3 29.3 }
			temperature={ -18.0 1.0 }
			no_phenomenon=0.500
			rain_light=0.250
			rain_heavy=0.100
			snow=0.300
			blizzard=0.000
			arctic_water=0.000
			mud=0.000
			sandstorm=0.000
			min_snow_level=0.000
		}
		period={
			between={ 0.4 30.4 }
			temperature={ -8.0 8.0 }
			no_phenomenon=0.500
			rain_light=0.250
			rain_heavy=0.100
			snow=0.300
			blizzard=0.000
			arctic_water=0.000
			mud=0.000
			sandstorm=0.000
			min_snow_level=0.000
		}
		period={
			between={ 0.5 29.5 }
			temperature={ -2.0 12.0 }
			no_phenomenon=0.500
			rain_light=0.250
			rain_heavy=0.100
			snow=0.300
			blizzard=0.000
			arctic_water=0.000
			mud=0.000
			sandstorm=0.000
			min_snow_level=0.000
		}
		period={
			between={ 0.6 30.6 }
			temperature={ 0.0 15.0 }
			no_phenomenon=0.500
			rain_light=0.250
			rain_heavy=0.100
			snow=0.300
			blizzard=0.000
			arctic_water=0.000
			mud=0.000
			sandstorm=0.000
			min_snow_level=0.000
		}
		period={
			between={ 0.7 30.7 }
			temperature={ -1.0 14.0 }
			no_phenomenon=0.500
			rain_light=0.250
			rain_heavy=0.100
			snow=0.300
			blizzard=0.000
			arctic_water=0.000
			mud=0.000
			sandstorm=0.000
			min_snow_level=0.000
		}
		period={
			between={ 0.8 29.8 }
			temperature={ -4.0 11.0 }
			no_phenomenon=0.500
			rain_light=0.250
			rain_heavy=0.100
			snow=0.300
			blizzard=0.000
			arctic_water=0.000
			mud=0.000
			sandstorm=0.000
			min_snow_level=0.000
		}
		period={
			between={ 0.9 30.9 }
			temperature={ -10.0 6.0 }
			no_phenomenon=0.500
			rain_light=0.250
			rain_heavy=0.100
			snow=0.300
			blizzard=0.000
			arctic_water=0.000
			mud=0.000
			sandstorm=0.000
			min_snow_level=0.000
		}
		period={
			between={ 0.10 29.10 }
			temperature={ -16.0 1.0 }
			no_phenomenon=0.500
			rain_light=0.000
			rain_heavy=0.000
			snow=0.600
			blizzard=0.400
			arctic_water=0.000
			mud=0.000
			sandstorm=0.000
			min_snow_level=0.000
		}
		period={
			between={ 0.11 30.11 }
			temperature={ -22.0 -1.0 }
			no_phenomenon=0.500
			rain_light=0.000
			rain_heavy=0.000
			snow=0.600
			blizzard=0.400
			arctic_water=0.000
			mud=0.000
			sandstorm=0.000
			min_snow_level=0.000
		}
	}
}
