1 77 
1 160 
1 264 
1 310 
1 401 
1 427 
1 438 
1 440 
1 457 
1 468 
1 500 
1 599 
1 609 
1 617 
1 685 
1 807 
1 822 
1 870 
1 898 
1 925 
1 1001 
1 1097 
1 1113 
1 1337 
1 1356 
1 1540 
1 1640 
1 1755 
1 1766 
1 1811 
1 1820 
1 1892 
1 2080 
1 2125 
1 2137 
1 2144 
1 2206 
1 2258 
1 2261 
1 2377 
1 2514 
1 2544 
1 2548 
1 2552 
1 2568 
1 2649 
1 2655 
1 2735 
1 2930 
1 2947 
1 3094 
1 3204 
1 3220 
1 3293 
1 3301 
1 3413 
1 3431 
1 3447 
1 3556 
1 3578 
1 3673 
1 3713 
1 3739 
1 3779 
1 3791 
1 3825 
1 3942 
1 4106 
1 4120 
1 4181 
1 4248 
1 4350 
1 4382 
1 4390 
1 4495 
1 4504 
1 4533 
1 4624 
1 4646 
1 4664 
1 4669 
1 4710 
1 4771 
1 4818 
1 4867 
1 4896 
1 4908 
1 4948 
1 5048 
1 5049 
1 5051 
1 5061 
1 5064 
1 5065 
1 5095 
1 5106 
1 5112 
1 5144 
1 5147 
1 5166 
1 5238 
1 5283 
1 5309 
1 5333 
1 5334 
1 5388 
1 5419 
1 5422 
1 5439 
1 5440 
1 5444 
1 5457 
1 5458 
1 5556 
1 7215 
1 7303 
1 7702 
1 7756 
1 7926 
1 7934 
1 8028 
1 8103 
1 8129 
1 8342 
1 8360 
1 8857 
1 9576 
1 9597 
1 9598 
1 9599 
1 9601 
1 9609 
1 9625 
1 9632 
1 9654 
1 9655 
1 9658 
1 9661 
1 9664 
1 9680 
1 9682 
1 9689 
1 9693 
1 9700 
1 9706 
1 9713 
1 9714 
1 9722 
1 9743 
1 9744 
1 9745 
1 9750 
1 9761 
1 9787 
1 9791 
