
state={
	id=113
	name="STATE_113"

	history={
		1918.3.20.12 = {
		owner = DKR
		add_core_of = DKR
		}
 	1943.3.1.12 = {
		owner = OKW
		add_core_of = OKW
		remove_core_of = DKR
		}

		buildings = {
	anti_air_building = 4
			infrastructure = 4
			industrial_complex = 4
			
			##2 + 5 + 2 + 9

		}

	}

	provinces={
		24 26 36 114 119 175 195 198 233 298 299 300 306 332 337 353 372 466 488 493 522 552 574 630 659 662 668 676 754 809 844 847 850 865 896 904 920 951 952 977 1009 1013 1014 1029 1184 1188 1215 1231 1240 1247 1262 1265 1274 1323 1324 1374 1381 1383 1416 1435 1457 1501 1504 1518 1522 1529 1536 1543 1554 1570 1591 1631 1641 1677 1694 1707 1713 1737 1768 1791 1833 1844 1848 1892 1953 2004 2015 2071 2094 2095 2184 2202 2214 2216 2234 2238 2302 2356 2369 2383 2390 2413 2430 2447 2451 2466 2471 2515 2531 2540 2547 2564 2589 2632 2637 2644 2688 2691 2698 2737 2742 2743 2753 2776 2799 2801 2805 2812 2825 2829 2886 2919 2923 2980 3019 3036 3038 3065 3068 3073 3102 3111 3121 3133 3179 3190 3200 3208 3238 3251 3280 3285 3310 3312 3320 3338 3348 3355 3372 3413 3421 3455 3481 3599 3648 3667 3674 3685 3706 3723 3732 3750 3763 3787 3789 3837 3854 3889 3890 3899 3903 3908 3925 3948 3952 3964 3978 4016 4051 4089 4100 4184 4232 4243 4260 4283 4284 4287 4293 4296 4310 4340 4345 4375 4393 4656 4667 4681 4703 4704 4710 4747 4752 4757 4764 4768 4772 4777 4784 4785 4788 4793 4798 4799 4801 4806 4808 4821 4823 4824 4831 4837 4841 4842 4843 4846 4850 4854 4860 4861 4862 4865 4877 4881 4884 4912 4932 4937 4951 4974 4985 7951 9454 9557 9577 9581 9701 9702 9703 9704 9705 9706 9707 9708 9709 9710 9711 9712 9714 9715 9716 9717 9718 9719 9720 
	}
	manpower=3152305
	buildings_max_level_factor=1.000
	state_category=large_town
	local_supplies=0.000
}
