
state={
	id=115
	name="STATE_115"

	history={
victory_points = { 9713 4 } #Wiesbaden
victory_points = { 1097 4 } #Russelsheim 
buildings = { infrastructure = 4 industrial_complex = 1 }

1918.3.20.12 = {
		owner = DKR
		add_core_of = DKR
		}
 	1943.3.1.12 = {
		owner = OKW
		add_core_of = OKW
		remove_core_of = DKR
		}


	}

	provinces={
		2 30 42 65 229 294 393 462 502 617 620 679 753 801 834 897 898 929 990 1044 1097 1120 1181 1200 1314 1442 1519 1547 1560 1566 1572 1582 1598 1616 1729 1782 1855 1921 1933 1960 1970 1971 2041 2080 2112 2165 2203 2262 2296 2350 2374 2388 2464 2500 2509 2615 2631 2706 2717 2781 2800 2880 2911 2960 2970 2975 2997 3002 3022 3078 3140 3270  3328 3393 3399 3478 3497 3518 3609 3639  3775 3777 3827 3829 3830 3844 3885 3941  3973  3985 4014 4020 4063 4117 4170 4258 4275 4289 4632 4642 4695 4705 4706 4715 4719 4749 4758 4776 4787 4790 4800 4805 4840 4856 4863 4872 4880 8142  9643 9713 
	}
	manpower=4343720
	buildings_max_level_factor=1.000
	state_category=city
	local_supplies=0.000
}